33.0 31.0 31.0 32.0
33.0 31.0 32.0 33.0
32.0 31.0 31.0 33.0
34.0 31.0 32.0 36.0
33.0 31.0 31.0 32.0
33.0 31.0 31.0 32.0
33.0 32.0 32.0 32.0
33.0 32.0 31.0 32.0
33.0 31.0 31.0 32.0
40.0 50.0 47.0 50.0
43.0 52.0 48.0 52.0
43.0 54.0 51.0 54.0
43.0 52.0 49.0 53.0
42.0 56.0 52.0 55.0
45.0 52.0 48.0 53.0
45.0 56.0 52.0 56.0
48.0 54.0 51.0 55.0
44.0 54.0 50.0 54.0
46.0 57.0 53.0 57.0
45.0 56.0 52.0 56.0
46.0 55.0 51.0 55.0
47.0 56.0 52.0 56.0
48.0 54.0 51.0 55.0
47.0 56.0 51.0 55.0
46.0 55.0 52.0 55.0
47.0 57.0 53.0 56.0
47.0 57.0 53.0 56.0
46.0 57.0 56.0 57.0
49.0 57.0 53.0 57.0
53.0 59.0 56.0 58.0
47.0 60.0 57.0 60.0
55.0 58.0 55.0 58.0
53.0 60.0 55.0 58.0
48.0 61.0 58.0 60.0
49.0 58.0 55.0 58.0
49.0 58.0 55.0 58.0
52.0 60.0 56.0 59.0
52.0 59.0 57.0 59.0
55.0 60.0 57.0 60.0
56.0 61.0 58.0 62.0
50.0 60.0 56.0 59.0
53.0 60.0 57.0 60.0
50.0 62.0 58.0 63.0
52.0 60.0 57.0 60.0
50.0 61.0 57.0 61.0
50.0 63.0 59.0 63.0
50.0 61.0 57.0 61.0
52.0 64.0 59.0 63.0
56.0 64.0 60.0 63.0
54.0 60.0 57.0 61.0
53.0 65.0 61.0 65.0
54.0 62.0 58.0 62.0
52.0 62.0 57.0 61.0
53.0 66.0 62.0 65.0
54.0 64.0 60.0 63.0
52.0 66.0 63.0 66.0
54.0 66.0 63.0 66.0
55.0 67.0 63.0 66.0
55.0 66.0 61.0 65.0
55.0 63.0 59.0 62.0
55.0 63.0 63.0 67.0
53.0 67.0 63.0 65.0
55.0 64.0 60.0 65.0
57.0 64.0 60.0 64.0
57.0 64.0 59.0 64.0
55.0 65.0 63.0 64.0
56.0 67.0 63.0 68.0
56.0 67.0 64.0 66.0
56.0 66.0 62.0 67.0
58.0 66.0 62.0 66.0
57.0 66.0 62.0 66.0
56.0 68.0 65.0 68.0
57.0 69.0 65.0 69.0
56.0 68.0 65.0 69.0
57.0 66.0 61.0 66.0
56.0 66.0 61.0 65.0
57.0 69.0 65.0 69.0
59.0 68.0 62.0 66.0
56.0 69.0 65.0 69.0
64.0 67.0 64.0 67.0
58.0 68.0 64.0 68.0
61.0 68.0 63.0 68.0
55.0 69.0 65.0 69.0
59.0 69.0 66.0 69.0
56.0 69.0 66.0 69.0
58.0 66.0 62.0 66.0
58.0 70.0 67.0 69.0
56.0 67.0 63.0 67.0
56.0 67.0 63.0 67.0
58.0 68.0 66.0 69.0
59.0 70.0 66.0 69.0
57.0 70.0 67.0 70.0
56.0 67.0 65.0 68.0
56.0 67.0 63.0 67.0
59.0 69.0 66.0 69.0
57.0 70.0 67.0 70.0
59.0 70.0 67.0 70.0
60.0 67.0 63.0 67.0
58.0 67.0 62.0 67.0
57.0 70.0 68.0 70.0
58.0 70.0 67.0 70.0
56.0 68.0 65.0 69.0
56.0 67.0 63.0 67.0
57.0 69.0 66.0 70.0
59.0 68.0 64.0 69.0
57.0 67.0 63.0 68.0
59.0 68.0 64.0 68.0
58.0 67.0 63.0 67.0
58.0 69.0 64.0 69.0
58.0 67.0 63.0 67.0
55.0 71.0 68.0 69.0
59.0 69.0 66.0 69.0
58.0 67.0 63.0 67.0
59.0 67.0 63.0 67.0
58.0 70.0 67.0 69.0
57.0 71.0 67.0 70.0
59.0 69.0 66.0 69.0
58.0 70.0 67.0 71.0
57.0 70.0 66.0 69.0
62.0 67.0 63.0 67.0
57.0 68.0 63.0 68.0
56.0 68.0 65.0 69.0
58.0 67.0 64.0 68.0
58.0 69.0 66.0 70.0
59.0 70.0 66.0 69.0
58.0 70.0 67.0 70.0
55.0 72.0 56.0 72.0
49.0 48.0 47.0 48.0
49.0 47.0 46.0 47.0
48.0 47.0 45.0 47.0
48.0 46.0 46.0 47.0
47.0 47.0 45.0 46.0
48.0 46.0 45.0 46.0
48.0 46.0 45.0 46.0
46.0 45.0 44.0 46.0
47.0 45.0 44.0 45.0
48.0 45.0 45.0 45.0
47.0 47.0 45.0 48.0
46.0 45.0 44.0 46.0
46.0 48.0 44.0 45.0
46.0 44.0 43.0 45.0
45.0 45.0 43.0 45.0
45.0 44.0 43.0 45.0
45.0 43.0 42.0 43.0
45.0 43.0 42.0 43.0
45.0 42.0 42.0 43.0
44.0 42.0 41.0 43.0
44.0 42.0 42.0 42.0
44.0 42.0 42.0 43.0
44.0 41.0 41.0 43.0
44.0 42.0 41.0 42.0
44.0 42.0 41.0 42.0
43.0 41.0 40.0 42.0
43.0 42.0 41.0 41.0
43.0 41.0 40.0 42.0
44.0 41.0 40.0 41.0
42.0 40.0 40.0 41.0
43.0 41.0 40.0 41.0
42.0 41.0 40.0 41.0
42.0 40.0 39.0 41.0
42.0 40.0 39.0 41.0
