35.0 33.0 33.0 34.0
35.0 34.0 33.0 33.0
35.0 35.0 32.0 34.0
35.0 35.0 33.0 34.0
35.0 35.0 33.0 34.0
35.0 33.0 33.0 34.0
36.0 38.0 36.0 38.0
36.0 38.0 36.0 39.0
38.0 40.0 36.0 40.0
38.0 42.0 40.0 42.0
41.0 50.0 47.0 50.0
37.0 39.0 37.0 40.0
40.0 40.0 37.0 41.0
44.0 54.0 50.0 54.0
38.0 40.0 37.0 40.0
38.0 40.0 37.0 41.0
39.0 39.0 37.0 40.0
39.0 41.0 39.0 42.0
38.0 39.0 37.0 40.0
40.0 44.0 40.0 44.0
41.0 45.0 42.0 46.0
39.0 39.0 37.0 41.0
39.0 40.0 37.0 41.0
38.0 40.0 37.0 41.0
38.0 40.0 37.0 41.0
38.0 40.0 37.0 41.0
39.0 41.0 38.0 41.0
39.0 41.0 37.0 41.0
39.0 40.0 37.0 41.0
39.0 41.0 38.0 41.0
47.0 54.0 51.0 55.0
39.0 40.0 37.0 41.0
39.0 41.0 38.0 41.0
39.0 41.0 38.0 42.0
39.0 41.0 37.0 41.0
39.0 41.0 38.0 41.0
41.0 42.0 39.0 42.0
40.0 42.0 39.0 43.0
40.0 41.0 38.0 41.0
40.0 41.0 38.0 43.0
41.0 42.0 38.0 42.0
40.0 41.0 38.0 41.0
40.0 43.0 39.0 43.0
40.0 41.0 38.0 42.0
39.0 41.0 38.0 42.0
40.0 41.0 38.0 42.0
44.0 50.0 47.0 50.0
40.0 42.0 39.0 41.0
54.0 54.0 51.0 55.0
44.0 50.0 47.0 50.0
40.0 41.0 38.0 41.0
41.0 43.0 39.0 42.0
40.0 41.0 38.0 42.0
40.0 43.0 40.0 42.0
40.0 41.0 38.0 42.0
41.0 43.0 39.0 42.0
40.0 42.0 39.0 43.0
40.0 41.0 38.0 41.0
40.0 42.0 39.0 42.0
41.0 42.0 39.0 43.0
40.0 42.0 38.0 41.0
40.0 42.0 39.0 42.0
40.0 42.0 39.0 42.0
40.0 42.0 38.0 42.0
40.0 41.0 38.0 42.0
40.0 43.0 38.0 42.0
40.0 42.0 38.0 42.0
40.0 41.0 38.0 41.0
40.0 42.0 39.0 42.0
47.0 56.0 53.0 56.0
45.0 52.0 50.0 55.0
40.0 42.0 39.0 42.0
40.0 42.0 39.0 41.0
40.0 42.0 39.0 41.0
40.0 41.0 39.0 41.0
40.0 42.0 40.0 42.0
43.0 47.0 43.0 47.0
41.0 42.0 39.0 43.0
40.0 43.0 39.0 42.0
40.0 42.0 39.0 42.0
41.0 41.0 39.0 41.0
40.0 42.0 39.0 42.0
40.0 42.0 39.0 42.0
40.0 42.0 39.0 42.0
40.0 41.0 39.0 41.0
40.0 41.0 39.0 42.0
41.0 42.0 38.0 41.0
40.0 42.0 39.0 42.0
40.0 42.0 39.0 42.0
41.0 43.0 39.0 43.0
41.0 42.0 38.0 41.0
40.0 41.0 38.0 41.0
41.0 42.0 39.0 42.0
40.0 42.0 39.0 42.0
40.0 41.0 38.0 41.0
40.0 43.0 40.0 42.0
47.0 56.0 51.0 54.0
51.0 56.0 52.0 56.0
41.0 42.0 38.0 42.0
41.0 42.0 39.0 42.0
46.0 51.0 48.0 51.0
45.0 56.0 52.0 56.0
45.0 56.0 52.0 56.0
44.0 48.0 45.0 47.0
41.0 43.0 40.0 43.0
46.0 54.0 50.0 54.0
44.0 49.0 47.0 50.0
41.0 45.0 41.0 44.0
42.0 43.0 40.0 42.0
42.0 45.0 41.0 45.0
41.0 44.0 40.0 44.0
41.0 43.0 39.0 43.0
41.0 43.0 40.0 43.0
41.0 43.0 40.0 43.0
41.0 43.0 40.0 43.0
42.0 47.0 43.0 47.0
42.0 45.0 41.0 44.0
47.0 52.0 49.0 52.0
42.0 43.0 40.0 43.0
42.0 44.0 40.0 44.0
42.0 45.0 42.0 45.0
48.0 59.0 57.0 59.0
46.0 47.0 44.0 48.0
42.0 44.0 42.0 45.0
42.0 45.0 41.0 44.0
42.0 43.0 41.0 44.0
42.0 43.0 40.0 44.0
42.0 44.0 41.0 44.0
41.0 44.0 40.0 44.0
44.0 46.0 43.0 47.0
44.0 46.0 43.0 47.0
48.0 58.0 55.0 58.0
49.0 58.0 55.0 58.0
43.0 44.0 41.0 44.0
43.0 44.0 41.0 44.0
44.0 45.0 42.0 46.0
43.0 45.0 41.0 44.0
43.0 45.0 42.0 45.0
43.0 45.0 42.0 45.0
44.0 45.0 42.0 45.0
44.0 46.0 43.0 46.0
43.0 45.0 42.0 45.0
49.0 59.0 57.0 60.0
43.0 44.0 42.0 45.0
45.0 47.0 43.0 47.0
43.0 45.0 42.0 45.0
43.0 44.0 41.0 44.0
43.0 45.0 42.0 45.0
44.0 46.0 43.0 46.0
43.0 45.0 41.0 45.0
49.0 58.0 55.0 58.0
50.0 60.0 57.0 60.0
44.0 47.0 42.0 46.0
43.0 45.0 42.0 45.0
43.0 44.0 41.0 44.0
43.0 44.0 42.0 45.0
42.0 45.0 42.0 45.0
43.0 45.0 42.0 45.0
44.0 49.0 46.0 49.0
43.0 44.0 42.0 44.0
42.0 44.0 41.0 44.0
42.0 44.0 41.0 44.0
42.0 43.0 41.0 44.0
43.0 43.0 41.0 44.0
43.0 44.0 41.0 44.0
42.0 43.0 40.0 44.0
43.0 45.0 41.0 44.0
48.0 58.0 54.0 58.0
43.0 46.0 42.0 44.0
43.0 44.0 41.0 44.0
43.0 45.0 43.0 46.0
49.0 60.0 43.0 46.0
43.0 45.0 41.0 44.0
43.0 44.0 42.0 44.0
43.0 45.0 43.0 46.0
42.0 45.0 41.0 44.0
42.0 44.0 41.0 44.0
42.0 45.0 41.0 44.0
42.0 45.0 41.0 44.0
42.0 45.0 41.0 44.0
43.0 45.0 41.0 44.0
43.0 44.0 41.0 44.0
42.0 45.0 42.0 44.0
42.0 45.0 40.0 44.0
43.0 44.0 41.0 44.0
41.0 44.0 41.0 43.0
52.0 58.0 54.0 57.0
43.0 45.0 42.0 45.0
42.0 40.0 40.0 41.0
41.0 40.0 39.0 40.0
41.0 39.0 39.0 40.0
41.0 41.0 39.0 41.0
40.0 39.0 39.0 39.0
41.0 39.0 38.0 40.0
41.0 38.0 38.0 39.0
41.0 39.0 40.0 40.0
43.0 41.0 42.0 41.0
40.0 38.0 38.0 39.0
40.0 38.0 37.0 39.0
39.0 39.0 38.0 39.0
40.0 39.0 37.0 38.0
40.0 38.0 37.0 39.0
