35.0 34.0 34.0 34.0
35.0 34.0 34.0 33.0
35.0 34.0 34.0 34.0
38.0 50.0 47.0 50.0
41.0 52.0 49.0 52.0
45.0 54.0 49.0 52.0
44.0 55.0 52.0 55.0
44.0 56.0 53.0 57.0
44.0 56.0 53.0 57.0
47.0 56.0 52.0 56.0
44.0 55.0 52.0 55.0
48.0 57.0 53.0 57.0
45.0 60.0 56.0 59.0
47.0 57.0 54.0 57.0
46.0 59.0 56.0 59.0
49.0 58.0 57.0 58.0
49.0 57.0 53.0 57.0
56.0 59.0 55.0 58.0
48.0 60.0 57.0 60.0
48.0 61.0 58.0 61.0
49.0 60.0 57.0 60.0
49.0 60.0 57.0 60.0
47.0 58.0 55.0 59.0
47.0 62.0 59.0 63.0
48.0 60.0 56.0 59.0
50.0 59.0 55.0 59.0
50.0 62.0 58.0 59.0
50.0 61.0 57.0 59.0
59.0 62.0 57.0 60.0
52.0 63.0 60.0 62.0
53.0 60.0 57.0 60.0
52.0 61.0 56.0 60.0
50.0 65.0 61.0 64.0
50.0 65.0 61.0 64.0
50.0 64.0 60.0 63.0
50.0 62.0 58.0 62.0
52.0 65.0 61.0 64.0
53.0 65.0 60.0 64.0
53.0 66.0 62.0 65.0
52.0 62.0 58.0 62.0
53.0 63.0 58.0 62.0
52.0 66.0 60.0 64.0
58.0 67.0 62.0 66.0
53.0 63.0 59.0 63.0
54.0 67.0 62.0 66.0
55.0 64.0 60.0 63.0
53.0 65.0 61.0 65.0
54.0 65.0 60.0 64.0
55.0 66.0 61.0 64.0
56.0 69.0 65.0 68.0
56.0 65.0 61.0 65.0
55.0 66.0 62.0 65.0
56.0 67.0 63.0 67.0
58.0 66.0 61.0 66.0
54.0 67.0 61.0 66.0
55.0 66.0 61.0 66.0
57.0 65.0 61.0 64.0
66.0 65.0 61.0 64.0
55.0 65.0 61.0 65.0
56.0 67.0 61.0 67.0
64.0 66.0 61.0 65.0
57.0 67.0 63.0 66.0
55.0 70.0 66.0 69.0
55.0 69.0 65.0 68.0
58.0 70.0 66.0 69.0
58.0 67.0 62.0 67.0
58.0 69.0 65.0 69.0
60.0 67.0 62.0 67.0
55.0 68.0 65.0 69.0
59.0 67.0 63.0 68.0
56.0 70.0 66.0 70.0
58.0 67.0 63.0 67.0
58.0 68.0 64.0 69.0
58.0 68.0 63.0 68.0
59.0 71.0 67.0 70.0
58.0 70.0 66.0 70.0
57.0 70.0 67.0 70.0
68.0 69.0 65.0 68.0
57.0 69.0 65.0 69.0
59.0 71.0 67.0 70.0
59.0 70.0 67.0 70.0
58.0 68.0 63.0 68.0
59.0 70.0 65.0 69.0
57.0 70.0 68.0 70.0
59.0 68.0 63.0 67.0
59.0 68.0 63.0 68.0
57.0 67.0 63.0 67.0
58.0 68.0 63.0 67.0
63.0 70.0 65.0 70.0
58.0 70.0 67.0 70.0
64.0 69.0 65.0 69.0
58.0 70.0 65.0 68.0
59.0 71.0 67.0 70.0
60.0 70.0 66.0 69.0
63.0 68.0 64.0 66.0
63.0 68.0 64.0 68.0
56.0 70.0 64.0 69.0
60.0 68.0 63.0 68.0
59.0 71.0 65.0 71.0
59.0 69.0 65.0 69.0
59.0 67.0 63.0 67.0
59.0 68.0 65.0 68.0
60.0 69.0 65.0 68.0
61.0 70.0 66.0 69.0
58.0 68.0 64.0 68.0
60.0 69.0 65.0 69.0
57.0 68.0 63.0 67.0
58.0 70.0 65.0 69.0
59.0 68.0 63.0 67.0
58.0 68.0 63.0 68.0
66.0 70.0 67.0 70.0
60.0 71.0 67.0 69.0
59.0 70.0 67.0 69.0
60.0 70.0 65.0 69.0
61.0 71.0 68.0 71.0
58.0 69.0 65.0 69.0
60.0 68.0 64.0 68.0
57.0 70.0 65.0 69.0
60.0 71.0 68.0 71.0
58.0 68.0 63.0 67.0
54.0 53.0 52.0 53.0
50.0 50.0 47.0 48.0
49.0 47.0 47.0 47.0
49.0 47.0 46.0 47.0
48.0 46.0 46.0 46.0
49.0 47.0 46.0 47.0
48.0 48.0 46.0 46.0
48.0 46.0 46.0 45.0
47.0 46.0 45.0 45.0
47.0 46.0 44.0 45.0
47.0 44.0 44.0 45.0
46.0 45.0 44.0 44.0
47.0 47.0 45.0 47.0
47.0 45.0 44.0 45.0
47.0 44.0 43.0 44.0
47.0 58.0 45.0 48.0
46.0 45.0 43.0 44.0
46.0 44.0 43.0 44.0
45.0 45.0 42.0 44.0
45.0 44.0 43.0 42.0
45.0 44.0 43.0 43.0
45.0 44.0 42.0 42.0
45.0 46.0 44.0 44.0
45.0 44.0 43.0 44.0
44.0 44.0 42.0 43.0
45.0 43.0 42.0 43.0
44.0 43.0 42.0 42.0
44.0 42.0 42.0 42.0
44.0 42.0 41.0 42.0
44.0 42.0 42.0 42.0
44.0 44.0 41.0 42.0
43.0 42.0 41.0 41.0
43.0 41.0 41.0 41.0
43.0 43.0 41.0 41.0
43.0 41.0 41.0 41.0
43.0 41.0 39.0 41.0
44.0 44.0 41.0 42.0
43.0 42.0 41.0 43.0
42.0 41.0 40.0 40.0
43.0 41.0 39.0 41.0
42.0 40.0 41.0 40.0
42.0 42.0 39.0 41.0
42.0 41.0 40.0 41.0
43.0 41.0 40.0 42.0
48.0 46.0 43.0 49.0
42.0 41.0 39.0 41.0
42.0 41.0 40.0 41.0
42.0 40.0 39.0 41.0
42.0 40.0 39.0 40.0
41.0 40.0 39.0 41.0
41.0 40.0 39.0 40.0
41.0 39.0 38.0 39.0
41.0 39.0 39.0 39.0
41.0 41.0 39.0 41.0
41.0 40.0 39.0 41.0
41.0 40.0 38.0 39.0
41.0 38.0 38.0 39.0
41.0 40.0 39.0 41.0
42.0 41.0 41.0 42.0
40.0 39.0 38.0 39.0
41.0 39.0 38.0 41.0
52.0 48.0 44.0 46.0
40.0 40.0 38.0 39.0
40.0 39.0 38.0 38.0
40.0 38.0 37.0 39.0
40.0 38.0 38.0 39.0
40.0 39.0 37.0 39.0
