39.0 37.0 36.0 37.0
38.0 36.0 36.0 37.0
39.0 36.0 36.0 36.0
38.0 38.0 36.0 37.0
39.0 41.0 37.0 41.0
41.0 43.0 40.0 43.0
40.0 41.0 39.0 43.0
49.0 54.0 52.0 55.0
41.0 41.0 39.0 42.0
41.0 42.0 39.0 42.0
41.0 42.0 40.0 42.0
41.0 43.0 39.0 43.0
40.0 41.0 39.0 41.0
41.0 43.0 39.0 43.0
46.0 55.0 51.0 55.0
47.0 57.0 54.0 57.0
41.0 43.0 39.0 43.0
48.0 58.0 56.0 59.0
41.0 43.0 39.0 44.0
41.0 43.0 40.0 43.0
42.0 44.0 40.0 44.0
43.0 45.0 41.0 45.0
42.0 45.0 42.0 45.0
41.0 44.0 40.0 45.0
42.0 45.0 41.0 45.0
43.0 44.0 40.0 44.0
42.0 44.0 41.0 45.0
42.0 43.0 40.0 44.0
41.0 43.0 40.0 43.0
41.0 44.0 40.0 44.0
42.0 43.0 40.0 43.0
41.0 43.0 40.0 44.0
41.0 43.0 40.0 43.0
41.0 44.0 41.0 44.0
44.0 46.0 42.0 47.0
42.0 43.0 41.0 44.0
41.0 43.0 41.0 43.0
43.0 44.0 40.0 44.0
42.0 45.0 40.0 44.0
42.0 43.0 39.0 42.0
45.0 55.0 51.0 54.0
43.0 43.0 41.0 44.0
43.0 44.0 40.0 44.0
42.0 44.0 40.0 45.0
42.0 44.0 41.0 44.0
42.0 45.0 40.0 44.0
42.0 46.0 43.0 46.0
42.0 45.0 40.0 44.0
42.0 44.0 40.0 44.0
45.0 55.0 51.0 58.0
42.0 45.0 41.0 44.0
48.0 58.0 54.0 58.0
48.0 56.0 53.0 56.0
44.0 46.0 42.0 45.0
46.0 52.0 48.0 51.0
57.0 57.0 53.0 55.0
49.0 56.0 52.0 56.0
43.0 45.0 41.0 45.0
49.0 58.0 55.0 58.0
43.0 45.0 41.0 44.0
43.0 44.0 41.0 44.0
43.0 44.0 41.0 44.0
44.0 50.0 47.0 50.0
45.0 46.0 43.0 46.0
44.0 47.0 43.0 47.0
46.0 48.0 45.0 48.0
44.0 45.0 42.0 46.0
48.0 57.0 51.0 56.0
43.0 45.0 42.0 45.0
45.0 47.0 44.0 46.0
45.0 48.0 45.0 48.0
52.0 58.0 55.0 58.0
49.0 59.0 56.0 59.0
44.0 46.0 43.0 46.0
45.0 46.0 42.0 46.0
43.0 45.0 42.0 45.0
43.0 45.0 41.0 44.0
44.0 46.0 42.0 45.0
44.0 45.0 42.0 45.0
43.0 45.0 41.0 44.0
50.0 58.0 55.0 58.0
46.0 49.0 46.0 50.0
44.0 46.0 43.0 46.0
44.0 46.0 42.0 46.0
44.0 45.0 42.0 44.0
44.0 46.0 42.0 46.0
44.0 46.0 43.0 46.0
48.0 60.0 57.0 59.0
44.0 45.0 42.0 45.0
43.0 45.0 42.0 45.0
43.0 45.0 42.0 46.0
43.0 45.0 41.0 45.0
43.0 45.0 41.0 45.0
42.0 45.0 41.0 44.0
43.0 44.0 41.0 45.0
43.0 45.0 42.0 45.0
43.0 45.0 42.0 45.0
42.0 44.0 41.0 44.0
49.0 58.0 55.0 59.0
44.0 45.0 42.0 45.0
43.0 45.0 41.0 45.0
44.0 51.0 48.0 51.0
43.0 45.0 42.0 46.0
42.0 45.0 42.0 45.0
43.0 45.0 41.0 44.0
42.0 44.0 41.0 45.0
42.0 45.0 41.0 45.0
43.0 44.0 41.0 44.0
43.0 44.0 41.0 45.0
42.0 44.0 41.0 45.0
42.0 45.0 42.0 45.0
43.0 45.0 41.0 44.0
42.0 44.0 41.0 44.0
50.0 58.0 55.0 58.0
50.0 61.0 58.0 61.0
52.0 61.0 58.0 61.0
50.0 60.0 55.0 59.0
44.0 46.0 42.0 45.0
44.0 46.0 42.0 46.0
45.0 53.0 51.0 54.0
51.0 60.0 57.0 61.0
47.0 55.0 51.0 54.0
44.0 46.0 43.0 45.0
44.0 47.0 43.0 47.0
46.0 57.0 55.0 57.0
44.0 45.0 42.0 45.0
44.0 46.0 42.0 46.0
44.0 46.0 43.0 45.0
45.0 48.0 45.0 48.0
45.0 46.0 42.0 46.0
51.0 62.0 60.0 62.0
44.0 47.0 43.0 46.0
44.0 47.0 43.0 46.0
44.0 46.0 42.0 46.0
44.0 46.0 43.0 47.0
51.0 59.0 56.0 59.0
44.0 46.0 42.0 46.0
43.0 45.0 42.0 45.0
44.0 45.0 42.0 45.0
44.0 45.0 42.0 45.0
44.0 45.0 42.0 45.0
43.0 46.0 42.0 45.0
44.0 46.0 42.0 46.0
43.0 45.0 42.0 44.0
43.0 46.0 42.0 45.0
43.0 45.0 42.0 46.0
43.0 45.0 41.0 46.0
45.0 46.0 42.0 46.0
44.0 45.0 42.0 46.0
51.0 56.0 53.0 57.0
48.0 60.0 57.0 59.0
44.0 45.0 42.0 46.0
45.0 46.0 43.0 46.0
44.0 46.0 42.0 46.0
44.0 46.0 42.0 46.0
44.0 45.0 42.0 45.0
43.0 45.0 42.0 46.0
44.0 45.0 41.0 45.0
43.0 45.0 42.0 46.0
50.0 58.0 54.0 59.0
44.0 47.0 42.0 46.0
43.0 45.0 41.0 45.0
43.0 46.0 42.0 47.0
44.0 44.0 42.0 45.0
43.0 44.0 42.0 45.0
42.0 45.0 41.0 44.0
43.0 45.0 42.0 46.0
43.0 45.0 41.0 45.0
42.0 45.0 41.0 45.0
42.0 45.0 41.0 45.0
42.0 45.0 42.0 44.0
49.0 58.0 55.0 58.0
44.0 45.0 42.0 46.0
43.0 45.0 42.0 45.0
45.0 49.0 47.0 50.0
50.0 61.0 57.0 60.0
44.0 46.0 42.0 45.0
45.0 47.0 43.0 47.0
43.0 45.0 41.0 45.0
43.0 45.0 42.0 46.0
43.0 45.0 41.0 44.0
43.0 45.0 42.0 45.0
42.0 42.0 42.0 45.0
42.0 41.0 41.0 45.0
42.0 40.0 42.0 41.0
42.0 41.0 39.0 42.0
41.0 40.0 39.0 41.0
41.0 40.0 39.0 40.0
41.0 39.0 38.0 41.0
41.0 40.0 38.0 40.0
40.0 39.0 38.0 40.0
41.0 40.0 38.0 39.0
40.0 39.0 39.0 40.0
40.0 38.0 39.0 40.0
40.0 39.0 38.0 41.0
40.0 39.0 37.0 40.0
40.0 38.0 37.0 39.0
40.0 38.0 38.0 40.0
