41.0 39.0 39.0 40.0
41.0 37.0 40.0 41.0
49.0 55.0 52.0 57.0
47.0 57.0 53.0 57.0
47.0 57.0 53.0 57.0
53.0 59.0 57.0 60.0
50.0 58.0 55.0 59.0
50.0 59.0 57.0 60.0
50.0 59.0 57.0 60.0
49.0 59.0 56.0 60.0
50.0 61.0 59.0 61.0
53.0 59.0 57.0 60.0
51.0 61.0 57.0 60.0
53.0 62.0 60.0 63.0
51.0 61.0 59.0 62.0
54.0 62.0 59.0 63.0
51.0 64.0 61.0 64.0
52.0 62.0 58.0 62.0
52.0 62.0 60.0 62.0
61.0 62.0 58.0 63.0
54.0 64.0 61.0 65.0
59.0 64.0 60.0 63.0
54.0 65.0 63.0 65.0
55.0 62.0 58.0 62.0
56.0 66.0 63.0 66.0
55.0 65.0 61.0 65.0
55.0 65.0 60.0 64.0
51.0 67.0 60.0 64.0
52.0 65.0 62.0 66.0
52.0 67.0 62.0 66.0
54.0 66.0 63.0 67.0
58.0 66.0 63.0 66.0
56.0 67.0 65.0 68.0
54.0 68.0 65.0 68.0
54.0 68.0 65.0 68.0
55.0 68.0 65.0 68.0
58.0 65.0 61.0 64.0
55.0 65.0 61.0 65.0
56.0 67.0 63.0 67.0
57.0 69.0 66.0 68.0
55.0 66.0 62.0 65.0
58.0 67.0 63.0 67.0
56.0 66.0 62.0 66.0
56.0 66.0 63.0 67.0
58.0 68.0 64.0 67.0
59.0 69.0 67.0 69.0
56.0 69.0 67.0 69.0
57.0 70.0 67.0 67.0
58.0 70.0 67.0 69.0
58.0 67.0 64.0 69.0
61.0 68.0 64.0 68.0
56.0 70.0 67.0 69.0
58.0 70.0 66.0 69.0
59.0 70.0 67.0 69.0
59.0 69.0 66.0 69.0
55.0 69.0 66.0 69.0
55.0 69.0 66.0 69.0
59.0 68.0 65.0 68.0
59.0 68.0 64.0 68.0
58.0 66.0 63.0 67.0
59.0 70.0 68.0 70.0
57.0 69.0 65.0 68.0
61.0 67.0 63.0 67.0
58.0 67.0 64.0 67.0
57.0 71.0 68.0 70.0
57.0 71.0 67.0 71.0
57.0 71.0 67.0 71.0
59.0 69.0 65.0 69.0
60.0 70.0 67.0 70.0
60.0 70.0 66.0 69.0
60.0 68.0 64.0 67.0
59.0 69.0 65.0 69.0
59.0 69.0 63.0 68.0
56.0 70.0 63.0 68.0
59.0 68.0 63.0 67.0
59.0 68.0 66.0 69.0
57.0 68.0 66.0 70.0
56.0 71.0 65.0 68.0
59.0 67.0 64.0 68.0
59.0 67.0 65.0 68.0
59.0 70.0 67.0 70.0
59.0 71.0 67.0 70.0
60.0 67.0 64.0 67.0
60.0 67.0 67.0 70.0
57.0 70.0 67.0 70.0
60.0 68.0 66.0 69.0
58.0 69.0 69.0 72.0
59.0 71.0 67.0 71.0
60.0 68.0 64.0 68.0
60.0 71.0 68.0 71.0
60.0 68.0 65.0 68.0
59.0 69.0 67.0 69.0
57.0 70.0 67.0 69.0
58.0 69.0 65.0 69.0
59.0 68.0 64.0 68.0
59.0 71.0 67.0 71.0
58.0 69.0 65.0 69.0
58.0 68.0 64.0 68.0
60.0 71.0 67.0 70.0
60.0 70.0 67.0 69.0
58.0 69.0 66.0 68.0
60.0 70.0 67.0 69.0
60.0 68.0 65.0 68.0
58.0 71.0 67.0 69.0
58.0 69.0 65.0 69.0
60.0 71.0 66.0 70.0
61.0 68.0 65.0 68.0
58.0 71.0 67.0 70.0
59.0 71.0 68.0 71.0
58.0 71.0 68.0 71.0
58.0 69.0 66.0 69.0
58.0 68.0 64.0 69.0
59.0 67.0 65.0 68.0
60.0 70.0 67.0 70.0
59.0 70.0 67.0 70.0
59.0 70.0 67.0 70.0
59.0 68.0 65.0 69.0
59.0 70.0 67.0 70.0
59.0 70.0 67.0 70.0
57.0 71.0 68.0 70.0
57.0 71.0 69.0 71.0
59.0 71.0 68.0 71.0
55.0 56.0 68.0 70.0
54.0 50.0 52.0 52.0
50.0 50.0 48.0 51.0
50.0 52.0 47.0 47.0
50.0 52.0 48.0 52.0
49.0 48.0 47.0 49.0
49.0 50.0 46.0 49.0
49.0 52.0 47.0 49.0
49.0 51.0 47.0 49.0
51.0 47.0 49.0 47.0
49.0 47.0 46.0 48.0
48.0 47.0 46.0 46.0
49.0 49.0 48.0 47.0
48.0 47.0 47.0 47.0
48.0 47.0 46.0 48.0
48.0 47.0 46.0 49.0
47.0 47.0 45.0 50.0
48.0 51.0 46.0 46.0
49.0 48.0 46.0 47.0
49.0 47.0 45.0 48.0
49.0 47.0 46.0 49.0
48.0 47.0 46.0 46.0
47.0 50.0 45.0 50.0
48.0 47.0 45.0 46.0
48.0 47.0 46.0 47.0
49.0 45.0 46.0 45.0
47.0 47.0 45.0 47.0
47.0 47.0 45.0 48.0
47.0 45.0 43.0 46.0
46.0 46.0 43.0 45.0
46.0 46.0 44.0 46.0
46.0 48.0 46.0 45.0
47.0 46.0 44.0 45.0
48.0 47.0 42.0 45.0
60.0 47.0 45.0 49.0
45.0 45.0 42.0 45.0
45.0 44.0 42.0 48.0
45.0 43.0 43.0 43.0
46.0 46.0 42.0 46.0
45.0 44.0 42.0 45.0
44.0 44.0 41.0 42.0
44.0 42.0 42.0 43.0
43.0 47.0 42.0 42.0
45.0 42.0 41.0 43.0
43.0 42.0 41.0 42.0
44.0 46.0 42.0 43.0
44.0 43.0 41.0 42.0
44.0 43.0 40.0 44.0
43.0 42.0 41.0 42.0
43.0 43.0 39.0 43.0
43.0 43.0 41.0 43.0
44.0 43.0 41.0 43.0
43.0 45.0 40.0 42.0
43.0 42.0 42.0 41.0
