39.0 37.0 36.0 37.0
38.0 36.0 36.0 41.0
39.0 37.0 36.0 39.0
38.0 36.0 36.0 36.0
38.0 37.0 36.0 38.0
38.0 37.0 36.0 37.0
38.0 36.0 36.0 36.0
39.0 37.0 36.0 37.0
38.0 37.0 36.0 40.0
38.0 37.0 36.0 37.0
46.0 55.0 55.0 57.0
47.0 58.0 55.0 58.0
50.0 56.0 53.0 57.0
48.0 59.0 57.0 60.0
53.0 57.0 53.0 57.0
49.0 58.0 55.0 58.0
49.0 58.0 54.0 57.0
49.0 58.0 55.0 58.0
51.0 58.0 55.0 59.0
50.0 60.0 57.0 59.0
49.0 59.0 56.0 59.0
50.0 58.0 55.0 58.0
51.0 59.0 56.0 59.0
50.0 63.0 59.0 63.0
51.0 63.0 59.0 63.0
53.0 60.0 56.0 59.0
52.0 59.0 56.0 59.0
52.0 60.0 57.0 60.0
51.0 63.0 59.0 62.0
52.0 61.0 57.0 61.0
53.0 61.0 57.0 61.0
53.0 63.0 59.0 63.0
51.0 65.0 61.0 65.0
53.0 62.0 58.0 61.0
54.0 62.0 58.0 62.0
54.0 65.0 61.0 65.0
61.0 63.0 60.0 64.0
54.0 62.0 58.0 61.0
56.0 63.0 60.0 63.0
61.0 64.0 60.0 63.0
55.0 63.0 59.0 62.0
55.0 66.0 61.0 65.0
54.0 64.0 60.0 64.0
55.0 67.0 64.0 67.0
55.0 67.0 64.0 67.0
54.0 64.0 60.0 64.0
56.0 67.0 63.0 67.0
61.0 65.0 61.0 65.0
55.0 64.0 60.0 64.0
54.0 67.0 63.0 67.0
57.0 65.0 61.0 65.0
55.0 65.0 61.0 65.0
56.0 65.0 61.0 65.0
57.0 67.0 64.0 67.0
58.0 68.0 65.0 69.0
56.0 65.0 61.0 66.0
57.0 66.0 61.0 65.0
57.0 66.0 61.0 65.0
56.0 65.0 61.0 66.0
58.0 66.0 62.0 66.0
57.0 68.0 64.0 68.0
59.0 69.0 66.0 69.0
60.0 66.0 62.0 65.0
57.0 68.0 64.0 68.0
57.0 67.0 62.0 67.0
56.0 68.0 65.0 68.0
58.0 68.0 64.0 68.0
58.0 70.0 67.0 70.0
56.0 67.0 64.0 67.0
57.0 67.0 65.0 67.0
57.0 70.0 67.0 69.0
62.0 67.0 63.0 67.0
57.0 70.0 67.0 70.0
57.0 67.0 62.0 66.0
57.0 67.0 63.0 67.0
56.0 70.0 63.0 67.0
58.0 67.0 65.0 68.0
57.0 67.0 67.0 71.0
59.0 67.0 63.0 66.0
57.0 70.0 67.0 70.0
58.0 68.0 65.0 69.0
55.0 71.0 67.0 70.0
57.0 67.0 64.0 67.0
58.0 71.0 67.0 70.0
57.0 71.0 67.0 70.0
60.0 68.0 64.0 68.0
58.0 67.0 64.0 67.0
59.0 70.0 67.0 71.0
63.0 70.0 67.0 70.0
59.0 68.0 63.0 67.0
59.0 68.0 63.0 67.0
57.0 68.0 63.0 67.0
56.0 71.0 67.0 70.0
59.0 71.0 68.0 71.0
58.0 68.0 64.0 67.0
60.0 70.0 67.0 70.0
60.0 67.0 63.0 67.0
59.0 69.0 66.0 69.0
59.0 71.0 68.0 71.0
59.0 67.0 63.0 67.0
59.0 71.0 67.0 71.0
58.0 70.0 66.0 70.0
60.0 68.0 65.0 69.0
60.0 68.0 65.0 69.0
59.0 67.0 65.0 68.0
58.0 68.0 64.0 67.0
59.0 67.0 64.0 67.0
60.0 68.0 65.0 69.0
58.0 71.0 67.0 71.0
60.0 69.0 65.0 68.0
58.0 68.0 64.0 69.0
68.0 69.0 67.0 69.0
59.0 71.0 68.0 71.0
59.0 68.0 65.0 69.0
60.0 67.0 65.0 68.0
59.0 67.0 63.0 67.0
59.0 67.0 63.0 67.0
57.0 71.0 67.0 71.0
58.0 71.0 68.0 71.0
63.0 68.0 65.0 70.0
58.0 70.0 67.0 70.0
59.0 68.0 64.0 68.0
60.0 67.0 64.0 68.0
58.0 69.0 65.0 69.0
60.0 68.0 65.0 68.0
57.0 71.0 67.0 71.0
59.0 69.0 64.0 68.0
58.0 68.0 64.0 67.0
61.0 67.0 63.0 67.0
58.0 71.0 68.0 71.0
57.0 57.0 68.0 69.0
50.0 49.0 48.0 49.0
49.0 48.0 47.0 48.0
49.0 48.0 46.0 47.0
48.0 47.0 46.0 47.0
48.0 46.0 46.0 46.0
48.0 47.0 45.0 46.0
47.0 46.0 45.0 46.0
47.0 46.0 44.0 45.0
47.0 46.0 44.0 45.0
47.0 45.0 44.0 44.0
47.0 45.0 45.0 45.0
47.0 45.0 44.0 45.0
46.0 45.0 44.0 45.0
46.0 45.0 44.0 44.0
46.0 45.0 43.0 44.0
45.0 43.0 43.0 44.0
45.0 44.0 43.0 44.0
46.0 45.0 44.0 48.0
45.0 43.0 42.0 43.0
45.0 43.0 42.0 43.0
45.0 43.0 42.0 43.0
45.0 43.0 42.0 43.0
45.0 45.0 43.0 43.0
44.0 42.0 42.0 42.0
44.0 42.0 41.0 43.0
43.0 43.0 41.0 42.0
44.0 42.0 41.0 43.0
44.0 43.0 41.0 42.0
