37.0 36.0 34.0 35.0
37.0 35.0 34.0 36.0
37.0 35.0 34.0 36.0
37.0 36.0 34.0 35.0
37.0 35.0 34.0 35.0
37.0 35.0 36.0 35.0
38.0 40.0 37.0 41.0
38.0 40.0 37.0 41.0
39.0 42.0 39.0 41.0
38.0 40.0 37.0 41.0
45.0 54.0 51.0 54.0
46.0 53.0 51.0 53.0
40.0 41.0 39.0 41.0
46.0 55.0 52.0 55.0
47.0 54.0 51.0 54.0
41.0 41.0 39.0 42.0
40.0 41.0 38.0 42.0
40.0 42.0 40.0 42.0
42.0 47.0 43.0 47.0
42.0 45.0 42.0 46.0
41.0 43.0 40.0 43.0
42.0 47.0 43.0 47.0
42.0 45.0 43.0 46.0
40.0 41.0 38.0 41.0
40.0 42.0 40.0 42.0
40.0 41.0 38.0 42.0
40.0 42.0 39.0 41.0
47.0 50.0 47.0 51.0
41.0 42.0 39.0 42.0
41.0 45.0 41.0 44.0
41.0 43.0 40.0 44.0
41.0 43.0 40.0 42.0
45.0 47.0 45.0 47.0
48.0 56.0 52.0 55.0
47.0 55.0 53.0 55.0
41.0 43.0 40.0 42.0
42.0 43.0 40.0 43.0
49.0 56.0 53.0 55.0
47.0 56.0 53.0 57.0
48.0 60.0 57.0 60.0
44.0 45.0 42.0 45.0
52.0 54.0 51.0 56.0
50.0 59.0 55.0 58.0
47.0 50.0 47.0 50.0
43.0 44.0 42.0 44.0
46.0 51.0 48.0 51.0
46.0 50.0 46.0 49.0
50.0 59.0 55.0 58.0
50.0 59.0 55.0 58.0
45.0 45.0 43.0 58.0
43.0 46.0 43.0 46.0
43.0 46.0 42.0 45.0
56.0 59.0 57.0 45.0
53.0 55.0 52.0 54.0
47.0 57.0 54.0 57.0
49.0 58.0 57.0 59.0
52.0 59.0 57.0 60.0
47.0 50.0 48.0 50.0
51.0 54.0 51.0 54.0
53.0 60.0 57.0 60.0
49.0 49.0 47.0 50.0
48.0 59.0 57.0 59.0
54.0 60.0 58.0 61.0
48.0 50.0 46.0 50.0
58.0 60.0 56.0 59.0
58.0 61.0 58.0 61.0
52.0 57.0 54.0 57.0
46.0 48.0 44.0 47.0
52.0 61.0 58.0 61.0
55.0 58.0 56.0 59.0
57.0 61.0 58.0 61.0
46.0 48.0 44.0 47.0
50.0 58.0 56.0 58.0
46.0 47.0 45.0 48.0
51.0 60.0 57.0 60.0
45.0 47.0 44.0 47.0
48.0 58.0 55.0 59.0
44.0 47.0 43.0 47.0
46.0 50.0 47.0 50.0
45.0 46.0 43.0 46.0
44.0 48.0 46.0 49.0
45.0 47.0 43.0 47.0
44.0 47.0 43.0 46.0
50.0 61.0 57.0 61.0
48.0 51.0 48.0 51.0
47.0 51.0 48.0 52.0
45.0 46.0 43.0 46.0
45.0 46.0 44.0 45.0
45.0 47.0 44.0 47.0
47.0 49.0 46.0 49.0
50.0 61.0 58.0 62.0
52.0 58.0 55.0 58.0
47.0 50.0 46.0 50.0
47.0 50.0 47.0 50.0
48.0 55.0 51.0 55.0
46.0 49.0 45.0 48.0
46.0 48.0 45.0 48.0
50.0 58.0 55.0 58.0
51.0 61.0 57.0 60.0
51.0 59.0 57.0 59.0
49.0 52.0 50.0 53.0
48.0 50.0 47.0 50.0
47.0 50.0 47.0 50.0
57.0 60.0 57.0 62.0
52.0 60.0 57.0 59.0
47.0 49.0 46.0 48.0
46.0 48.0 45.0 47.0
45.0 47.0 45.0 48.0
48.0 52.0 48.0 52.0
54.0 59.0 56.0 59.0
46.0 47.0 45.0 48.0
47.0 48.0 46.0 48.0
46.0 47.0 45.0 48.0
46.0 47.0 44.0 47.0
46.0 48.0 45.0 47.0
50.0 61.0 57.0 60.0
52.0 63.0 59.0 63.0
46.0 48.0 45.0 47.0
45.0 48.0 44.0 48.0
45.0 47.0 44.0 47.0
53.0 63.0 60.0 63.0
50.0 63.0 61.0 63.0
52.0 61.0 57.0 61.0
51.0 61.0 57.0 61.0
50.0 64.0 61.0 63.0
52.0 62.0 58.0 63.0
47.0 48.0 45.0 48.0
46.0 48.0 45.0 48.0
46.0 47.0 45.0 48.0
47.0 51.0 47.0 51.0
50.0 64.0 61.0 63.0
46.0 48.0 45.0 48.0
46.0 47.0 45.0 48.0
45.0 47.0 44.0 47.0
46.0 48.0 45.0 48.0
46.0 50.0 47.0 50.0
51.0 64.0 61.0 65.0
46.0 48.0 45.0 48.0
47.0 48.0 45.0 49.0
46.0 47.0 44.0 48.0
47.0 48.0 44.0 47.0
45.0 48.0 44.0 48.0
45.0 47.0 44.0 47.0
52.0 63.0 60.0 63.0
46.0 48.0 46.0 50.0
46.0 47.0 45.0 47.0
46.0 47.0 45.0 48.0
45.0 47.0 44.0 47.0
45.0 47.0 44.0 46.0
52.0 62.0 58.0 61.0
51.0 61.0 57.0 60.0
45.0 47.0 45.0 48.0
46.0 48.0 45.0 48.0
52.0 62.0 59.0 63.0
46.0 48.0 45.0 48.0
46.0 47.0 44.0 47.0
45.0 47.0 44.0 47.0
45.0 48.0 44.0 47.0
45.0 47.0 44.0 47.0
51.0 62.0 58.0 62.0
46.0 47.0 44.0 47.0
46.0 47.0 44.0 47.0
50.0 61.0 58.0 61.0
52.0 60.0 57.0 59.0
46.0 48.0 45.0 48.0
45.0 48.0 46.0 48.0
45.0 47.0 44.0 43.0
44.0 43.0 42.0 44.0
44.0 42.0 42.0 43.0
44.0 43.0 41.0 41.0
44.0 42.0 42.0 42.0
43.0 41.0 41.0 42.0
44.0 42.0 42.0 42.0
44.0 41.0 42.0 42.0
43.0 41.0 41.0 41.0
44.0 42.0 41.0 43.0
44.0 43.0 42.0 43.0
