32.0 30.0 32.0 34.0
33.0 30.0 31.0 36.0
33.0 32.0 31.0 33.0
33.0 33.0 32.0 34.0
33.0 33.0 31.0 35.0
32.0 32.0 31.0 34.0
32.0 34.0 30.0 33.0
33.0 33.0 31.0 35.0
32.0 32.0 30.0 33.0
42.0 52.0 49.0 52.0
42.0 53.0 49.0 54.0
40.0 54.0 49.0 54.0
44.0 53.0 50.0 55.0
44.0 54.0 51.0 54.0
45.0 54.0 51.0 54.0
45.0 54.0 51.0 54.0
41.0 54.0 50.0 54.0
44.0 53.0 50.0 54.0
49.0 53.0 49.0 53.0
45.0 57.0 53.0 57.0
46.0 55.0 51.0 55.0
44.0 57.0 54.0 58.0
47.0 54.0 50.0 54.0
56.0 54.0 50.0 54.0
46.0 58.0 55.0 59.0
46.0 58.0 55.0 57.0
44.0 55.0 52.0 55.0
48.0 55.0 52.0 55.0
48.0 59.0 55.0 59.0
48.0 56.0 52.0 56.0
46.0 56.0 53.0 56.0
47.0 57.0 54.0 57.0
47.0 58.0 55.0 59.0
49.0 58.0 55.0 58.0
47.0 60.0 57.0 60.0
50.0 61.0 57.0 60.0
50.0 58.0 55.0 59.0
50.0 58.0 55.0 59.0
49.0 58.0 54.0 59.0
50.0 58.0 55.0 59.0
51.0 58.0 55.0 58.0
49.0 58.0 55.0 59.0
49.0 62.0 59.0 63.0
52.0 61.0 57.0 61.0
51.0 62.0 59.0 62.0
54.0 60.0 57.0 60.0
53.0 60.0 57.0 60.0
52.0 61.0 57.0 62.0
51.0 60.0 57.0 61.0
52.0 62.0 59.0 62.0
53.0 64.0 61.0 64.0
54.0 61.0 58.0 62.0
55.0 60.0 58.0 61.0
51.0 61.0 57.0 61.0
52.0 60.0 57.0 61.0
52.0 64.0 59.0 64.0
51.0 62.0 58.0 62.0
53.0 66.0 62.0 65.0
51.0 64.0 61.0 64.0
54.0 62.0 58.0 61.0
53.0 62.0 59.0 62.0
54.0 64.0 60.0 64.0
55.0 67.0 63.0 66.0
54.0 64.0 61.0 65.0
54.0 67.0 64.0 67.0
64.0 67.0 62.0 66.0
54.0 65.0 63.0 66.0
53.0 67.0 60.0 64.0
54.0 68.0 65.0 68.0
55.0 65.0 61.0 64.0
56.0 63.0 60.0 64.0
55.0 67.0 65.0 68.0
56.0 66.0 63.0 66.0
56.0 67.0 63.0 66.0
55.0 66.0 62.0 65.0
55.0 65.0 61.0 64.0
57.0 65.0 61.0 64.0
57.0 69.0 66.0 69.0
56.0 65.0 62.0 65.0
57.0 68.0 66.0 68.0
57.0 65.0 62.0 65.0
58.0 67.0 63.0 66.0
55.0 68.0 65.0 69.0
55.0 69.0 66.0 69.0
58.0 67.0 64.0 67.0
57.0 66.0 63.0 66.0
57.0 69.0 65.0 68.0
56.0 69.0 65.0 68.0
58.0 68.0 65.0 68.0
58.0 66.0 62.0 65.0
57.0 70.0 66.0 69.0
57.0 70.0 66.0 69.0
54.0 70.0 67.0 70.0
55.0 69.0 66.0 69.0
57.0 67.0 64.0 67.0
58.0 70.0 67.0 70.0
58.0 67.0 63.0 66.0
57.0 70.0 67.0 69.0
60.0 68.0 65.0 69.0
57.0 70.0 67.0 71.0
58.0 67.0 64.0 68.0
57.0 67.0 63.0 67.0
55.0 70.0 67.0 70.0
57.0 67.0 63.0 67.0
57.0 70.0 67.0 70.0
58.0 67.0 63.0 66.0
57.0 70.0 66.0 69.0
56.0 69.0 66.0 69.0
57.0 71.0 67.0 70.0
57.0 67.0 63.0 67.0
57.0 67.0 63.0 67.0
57.0 67.0 64.0 68.0
56.0 70.0 68.0 70.0
57.0 67.0 64.0 67.0
58.0 70.0 67.0 70.0
60.0 67.0 64.0 67.0
59.0 67.0 63.0 67.0
57.0 68.0 65.0 69.0
57.0 68.0 65.0 69.0
56.0 67.0 63.0 67.0
58.0 67.0 63.0 67.0
58.0 70.0 67.0 70.0
57.0 67.0 63.0 67.0
58.0 67.0 63.0 67.0
57.0 67.0 63.0 67.0
55.0 59.0 67.0 70.0
55.0 56.0 68.0 70.0
50.0 48.0 47.0 47.0
49.0 48.0 46.0 50.0
49.0 47.0 46.0 48.0
49.0 47.0 46.0 49.0
48.0 46.0 45.0 47.0
49.0 46.0 46.0 50.0
48.0 47.0 45.0 48.0
49.0 49.0 45.0 48.0
48.0 48.0 46.0 50.0
47.0 46.0 45.0 49.0
48.0 49.0 48.0 49.0
47.0 47.0 44.0 46.0
47.0 46.0 44.0 47.0
47.0 46.0 45.0 48.0
47.0 46.0 44.0 45.0
47.0 47.0 45.0 48.0
46.0 46.0 44.0 48.0
46.0 45.0 43.0 47.0
46.0 45.0 42.0 45.0
45.0 45.0 42.0 45.0
45.0 45.0 43.0 47.0
45.0 47.0 42.0 46.0
45.0 45.0 42.0 44.0
45.0 45.0 42.0 44.0
45.0 44.0 43.0 45.0
45.0 46.0 43.0 44.0
44.0 42.0 41.0 47.0
45.0 47.0 43.0 46.0
45.0 44.0 42.0 45.0
44.0 41.0 42.0 43.0
44.0 44.0 42.0 44.0
44.0 43.0 41.0 44.0
44.0 46.0 41.0 43.0
43.0 43.0 40.0 42.0
43.0 41.0 40.0 42.0
43.0 40.0 40.0 41.0
43.0 43.0 41.0 44.0
43.0 43.0 41.0 45.0
43.0 42.0 40.0 41.0
43.0 44.0 40.0 42.0
42.0 40.0 40.0 43.0
42.0 42.0 39.0 42.0
42.0 42.0 39.0 42.0
