30.0 30.0 28.0 30.0
34.0 31.0 47.0 33.0
34.0 32.0 48.0 35.0
35.0 34.0 49.0 36.0
36.0 34.0 50.0 34.0
39.0 35.0 49.0 38.0
36.0 36.0 49.0 36.0
38.0 34.0 51.0 36.0
40.0 37.0 50.0 36.0
38.0 33.0 50.0 34.0
37.0 37.0 49.0 36.0
37.0 35.0 51.0 36.0
39.0 35.0 52.0 37.0
37.0 37.0 51.0 36.0
38.0 36.0 52.0 36.0
39.0 36.0 51.0 38.0
38.0 36.0 52.0 37.0
38.0 37.0 53.0 38.0
38.0 37.0 52.0 37.0
38.0 36.0 53.0 37.0
38.0 37.0 52.0 38.0
39.0 37.0 53.0 38.0
39.0 41.0 53.0 39.0
41.0 37.0 53.0 37.0
39.0 38.0 54.0 38.0
39.0 41.0 54.0 40.0
39.0 36.0 53.0 40.0
40.0 38.0 54.0 39.0
39.0 39.0 53.0 40.0
41.0 39.0 55.0 40.0
40.0 38.0 55.0 39.0
42.0 38.0 53.0 40.0
41.0 39.0 54.0 39.0
50.0 39.0 51.0 43.0
43.0 39.0 53.0 42.0
49.0 45.0 55.0 41.0
44.0 38.0 57.0 41.0
41.0 39.0 56.0 41.0
40.0 39.0 56.0 40.0
40.0 39.0 55.0 40.0
40.0 40.0 56.0 40.0
42.0 40.0 56.0 41.0
41.0 39.0 57.0 40.0
41.0 39.0 57.0 41.0
41.0 39.0 56.0 41.0
42.0 39.0 57.0 41.0
41.0 40.0 57.0 40.0
41.0 38.0 57.0 41.0
41.0 40.0 57.0 41.0
43.0 40.0 57.0 41.0
41.0 40.0 56.0 42.0
44.0 39.0 57.0 41.0
43.0 39.0 57.0 41.0
42.0 40.0 57.0 41.0
42.0 40.0 57.0 41.0
41.0 40.0 57.0 41.0
43.0 41.0 57.0 41.0
44.0 42.0 57.0 42.0
41.0 41.0 58.0 41.0
42.0 41.0 58.0 41.0
42.0 41.0 58.0 42.0
46.0 40.0 58.0 42.0
42.0 42.0 57.0 41.0
43.0 41.0 58.0 42.0
43.0 44.0 56.0 44.0
45.0 40.0 59.0 41.0
43.0 41.0 58.0 42.0
44.0 43.0 57.0 42.0
43.0 42.0 58.0 42.0
42.0 42.0 58.0 42.0
43.0 42.0 58.0 43.0
44.0 45.0 57.0 43.0
42.0 43.0 58.0 42.0
43.0 42.0 59.0 42.0
43.0 42.0 58.0 42.0
43.0 41.0 58.0 42.0
45.0 42.0 59.0 43.0
44.0 43.0 59.0 43.0
47.0 44.0 57.0 45.0
43.0 42.0 60.0 44.0
44.0 43.0 60.0 43.0
44.0 42.0 57.0 43.0
43.0 45.0 60.0 43.0
44.0 44.0 60.0 43.0
44.0 42.0 60.0 44.0
45.0 44.0 59.0 44.0
44.0 42.0 60.0 43.0
45.0 42.0 60.0 43.0
44.0 41.0 60.0 43.0
44.0 42.0 59.0 44.0
45.0 43.0 60.0 43.0
45.0 42.0 60.0 43.0
45.0 44.0 59.0 45.0
44.0 43.0 60.0 44.0
44.0 44.0 60.0 43.0
45.0 43.0 60.0 44.0
45.0 43.0 60.0 43.0
45.0 43.0 60.0 45.0
45.0 43.0 61.0 45.0
46.0 44.0 59.0 43.0
45.0 44.0 60.0 43.0
45.0 43.0 60.0 47.0
44.0 43.0 61.0 44.0
45.0 43.0 61.0 44.0
45.0 44.0 60.0 44.0
44.0 44.0 60.0 44.0
45.0 44.0 60.0 44.0
45.0 44.0 60.0 45.0
45.0 44.0 59.0 46.0
46.0 45.0 61.0 44.0
45.0 43.0 60.0 44.0
47.0 44.0 60.0 44.0
46.0 44.0 61.0 44.0
45.0 45.0 61.0 44.0
46.0 44.0 61.0 45.0
48.0 45.0 61.0 44.0
46.0 45.0 61.0 44.0
45.0 44.0 60.0 44.0
45.0 44.0 61.0 44.0
45.0 44.0 60.0 45.0
45.0 45.0 61.0 45.0
46.0 44.0 61.0 45.0
46.0 44.0 61.0 45.0
45.0 45.0 61.0 45.0
45.0 45.0 61.0 45.0
47.0 44.0 61.0 45.0
47.0 45.0 61.0 45.0
46.0 44.0 61.0 46.0
46.0 45.0 61.0 45.0
46.0 45.0 61.0 45.0
45.0 44.0 62.0 45.0
48.0 47.0 59.0 46.0
47.0 47.0 60.0 44.0
46.0 46.0 61.0 45.0
46.0 45.0 61.0 45.0
47.0 44.0 61.0 46.0
47.0 45.0 61.0 44.0
46.0 45.0 61.0 46.0
49.0 45.0 60.0 47.0
46.0 45.0 61.0 46.0
48.0 45.0 61.0 45.0
46.0 45.0 62.0 46.0
47.0 45.0 61.0 46.0
47.0 45.0 62.0 45.0
47.0 45.0 62.0 45.0
48.0 45.0 61.0 47.0
47.0 45.0 62.0 46.0
46.0 45.0 62.0 45.0
47.0 46.0 62.0 45.0
47.0 45.0 62.0 46.0
47.0 44.0 61.0 45.0
47.0 45.0 63.0 46.0
46.0 46.0 62.0 46.0
47.0 46.0 62.0 46.0
46.0 47.0 60.0 46.0
47.0 45.0 63.0 46.0
46.0 45.0 62.0 46.0
47.0 46.0 62.0 46.0
47.0 45.0 63.0 46.0
47.0 46.0 62.0 46.0
47.0 45.0 63.0 47.0
48.0 45.0 63.0 47.0
48.0 46.0 62.0 48.0
48.0 46.0 63.0 46.0
47.0 46.0 63.0 46.0
49.0 45.0 63.0 47.0
47.0 46.0 63.0 46.0
47.0 46.0 63.0 45.0
49.0 48.0 61.0 46.0
47.0 46.0 62.0 47.0
48.0 46.0 62.0 47.0
47.0 46.0 62.0 46.0
47.0 46.0 63.0 45.0
47.0 46.0 62.0 46.0
48.0 46.0 62.0 47.0
49.0 47.0 61.0 47.0
49.0 46.0 62.0 46.0
47.0 46.0 63.0 46.0
47.0 46.0 63.0 46.0
49.0 46.0 63.0 47.0
48.0 47.0 61.0 47.0
47.0 47.0 64.0 46.0
49.0 48.0 60.0 47.0
47.0 47.0 62.0 47.0
48.0 46.0 63.0 47.0
48.0 46.0 63.0 46.0
47.0 46.0 63.0 46.0
48.0 47.0 62.0 47.0
48.0 46.0 63.0 46.0
50.0 49.0 60.0 49.0
47.0 47.0 63.0 47.0
48.0 46.0 63.0 47.0
47.0 47.0 62.0 47.0
48.0 46.0 63.0 47.0
48.0 47.0 63.0 47.0
48.0 46.0 63.0 47.0
47.0 47.0 63.0 47.0
48.0 46.0 62.0 46.0
48.0 46.0 63.0 47.0
48.0 47.0 63.0 47.0
49.0 47.0 63.0 47.0
47.0 47.0 63.0 46.0
48.0 46.0 65.0 47.0
49.0 47.0 63.0 47.0
47.0 47.0 64.0 47.0
48.0 46.0 63.0 51.0
48.0 49.0 64.0 46.0
48.0 48.0 65.0 47.0
48.0 46.0 63.0 48.0
49.0 47.0 64.0 47.0
48.0 48.0 63.0 47.0
48.0 47.0 63.0 47.0
51.0 50.0 64.0 46.0
49.0 47.0 63.0 47.0
50.0 46.0 64.0 47.0
48.0 46.0 63.0 47.0
48.0 47.0 64.0 46.0
48.0 46.0 64.0 48.0
48.0 47.0 64.0 47.0
51.0 48.0 62.0 49.0
48.0 47.0 65.0 47.0
49.0 46.0 64.0 47.0
48.0 47.0 64.0 47.0
49.0 46.0 65.0 48.0
48.0 48.0 63.0 51.0
48.0 48.0 65.0 47.0
45.0 43.0 42.0 44.0
44.0 42.0 41.0 43.0
44.0 42.0 41.0 42.0
44.0 42.0 41.0 41.0
44.0 41.0 40.0 42.0
44.0 40.0 41.0 41.0
43.0 41.0 40.0 41.0
43.0 41.0 39.0 40.0
43.0 40.0 40.0 41.0
43.0 41.0 40.0 41.0
42.0 40.0 39.0 41.0
42.0 40.0 39.0 40.0
42.0 40.0 39.0 40.0
42.0 39.0 39.0 41.0
42.0 39.0 39.0 40.0
41.0 39.0 39.0 40.0
41.0 39.0 39.0 40.0
41.0 40.0 38.0 39.0
41.0 39.0 38.0 39.0
41.0 39.0 38.0 40.0
41.0 38.0 38.0 39.0
41.0 39.0 37.0 39.0
40.0 39.0 37.0 38.0
40.0 38.0 38.0 39.0
41.0 39.0 38.0 40.0
40.0 37.0 37.0 39.0
40.0 39.0 37.0 38.0
40.0 38.0 37.0 39.0
40.0 38.0 37.0 39.0
39.0 39.0 37.0 38.0
42.0 39.0 39.0 38.0
39.0 38.0 37.0 39.0
39.0 38.0 37.0 38.0
40.0 43.0 38.0 45.0
41.0 40.0 48.0 43.0
39.0 37.0 37.0 37.0
39.0 37.0 36.0 38.0
39.0 37.0 36.0 38.0
39.0 37.0 36.0 37.0
39.0 36.0 36.0 37.0
39.0 37.0 37.0 38.0
39.0 37.0 36.0 37.0
39.0 36.0 36.0 38.0
39.0 37.0 36.0 37.0
39.0 37.0 36.0 36.0
39.0 37.0 36.0 38.0
39.0 37.0 35.0 37.0
