33.0 32.0 31.0 32.0
33.0 31.0 31.0 32.0
34.0 31.0 31.0 32.0
32.0 31.0 31.0 32.0
34.0 31.0 31.0 33.0
33.0 36.0 31.0 32.0
33.0 36.0 31.0 34.0
33.0 36.0 31.0 34.0
34.0 36.0 31.0 33.0
35.0 37.0 32.0 33.0
33.0 36.0 31.0 33.0
35.0 37.0 32.0 33.0
36.0 38.0 34.0 35.0
34.0 37.0 32.0 34.0
35.0 37.0 34.0 36.0
35.0 37.0 32.0 35.0
34.0 37.0 32.0 34.0
35.0 36.0 32.0 33.0
34.0 37.0 32.0 34.0
34.0 37.0 32.0 33.0
34.0 37.0 32.0 34.0
33.0 37.0 32.0 34.0
33.0 37.0 31.0 33.0
34.0 37.0 32.0 34.0
34.0 37.0 32.0 34.0
34.0 37.0 33.0 34.0
35.0 37.0 33.0 34.0
34.0 37.0 32.0 35.0
35.0 37.0 33.0 36.0
35.0 41.0 33.0 36.0
35.0 37.0 32.0 33.0
34.0 36.0 32.0 33.0
35.0 37.0 33.0 35.0
35.0 37.0 32.0 34.0
35.0 37.0 33.0 33.0
35.0 37.0 32.0 34.0
35.0 37.0 32.0 34.0
35.0 37.0 33.0 33.0
35.0 37.0 32.0 35.0
34.0 37.0 32.0 34.0
35.0 37.0 32.0 33.0
34.0 38.0 32.0 34.0
34.0 37.0 32.0 34.0
35.0 37.0 32.0 35.0
35.0 37.0 32.0 33.0
35.0 37.0 32.0 34.0
35.0 37.0 32.0 34.0
34.0 37.0 32.0 34.0
34.0 37.0 31.0 34.0
35.0 38.0 32.0 33.0
35.0 37.0 32.0 34.0
34.0 38.0 32.0 35.0
34.0 37.0 32.0 34.0
35.0 37.0 33.0 34.0
34.0 38.0 32.0 34.0
35.0 37.0 33.0 34.0
35.0 38.0 32.0 34.0
34.0 37.0 33.0 33.0
35.0 37.0 32.0 33.0
35.0 37.0 32.0 33.0
35.0 37.0 32.0 34.0
36.0 48.0 35.0 38.0
34.0 38.0 32.0 34.0
35.0 37.0 33.0 33.0
34.0 37.0 32.0 34.0
35.0 37.0 32.0 33.0
35.0 37.0 32.0 34.0
34.0 37.0 32.0 34.0
35.0 37.0 32.0 33.0
35.0 37.0 33.0 34.0
35.0 38.0 32.0 33.0
35.0 38.0 32.0 34.0
35.0 37.0 32.0 34.0
34.0 38.0 32.0 33.0
34.0 38.0 32.0 34.0
35.0 37.0 32.0 34.0
35.0 38.0 33.0 34.0
35.0 37.0 32.0 33.0
34.0 37.0 32.0 33.0
35.0 38.0 32.0 34.0
35.0 38.0 32.0 33.0
35.0 37.0 32.0 34.0
33.0 37.0 32.0 34.0
34.0 37.0 32.0 34.0
34.0 37.0 32.0 35.0
34.0 38.0 32.0 33.0
35.0 38.0 32.0 33.0
35.0 37.0 32.0 35.0
35.0 37.0 32.0 33.0
34.0 38.0 33.0 33.0
35.0 37.0 32.0 33.0
35.0 37.0 32.0 34.0
35.0 37.0 33.0 33.0
34.0 37.0 32.0 34.0
34.0 38.0 32.0 33.0
34.0 37.0 33.0 34.0
35.0 37.0 32.0 34.0
34.0 37.0 32.0 34.0
35.0 37.0 32.0 34.0
34.0 37.0 32.0 34.0
35.0 37.0 32.0 34.0
35.0 37.0 33.0 34.0
34.0 37.0 32.0 33.0
35.0 37.0 33.0 34.0
35.0 37.0 32.0 34.0
35.0 38.0 32.0 34.0
35.0 37.0 32.0 34.0
34.0 37.0 32.0 34.0
35.0 38.0 33.0 34.0
34.0 37.0 32.0 33.0
35.0 37.0 33.0 34.0
35.0 38.0 33.0 34.0
35.0 37.0 32.0 34.0
35.0 37.0 33.0 33.0
35.0 38.0 32.0 33.0
35.0 37.0 33.0 33.0
34.0 37.0 33.0 33.0
35.0 37.0 33.0 33.0
34.0 38.0 33.0 34.0
35.0 37.0 32.0 34.0
34.0 37.0 33.0 33.0
34.0 37.0 32.0 34.0
34.0 37.0 32.0 35.0
35.0 37.0 33.0 35.0
36.0 52.0 34.0 34.0
35.0 37.0 32.0 34.0
35.0 37.0 33.0 34.0
35.0 37.0 32.0 34.0
35.0 38.0 33.0 34.0
35.0 37.0 32.0 34.0
35.0 37.0 32.0 34.0
35.0 38.0 32.0 34.0
35.0 37.0 33.0 33.0
35.0 38.0 33.0 34.0
35.0 39.0 33.0 37.0
36.0 38.0 33.0 35.0
35.0 38.0 32.0 34.0
35.0 38.0 32.0 33.0
35.0 38.0 33.0 34.0
34.0 38.0 32.0 34.0
35.0 37.0 32.0 34.0
35.0 38.0 33.0 35.0
35.0 38.0 32.0 34.0
35.0 37.0 32.0 34.0
35.0 37.0 33.0 34.0
35.0 37.0 32.0 34.0
35.0 37.0 33.0 36.0
34.0 37.0 33.0 33.0
35.0 37.0 33.0 34.0
35.0 38.0 32.0 34.0
35.0 37.0 32.0 34.0
35.0 38.0 33.0 34.0
35.0 37.0 32.0 34.0
35.0 38.0 32.0 35.0
35.0 38.0 32.0 34.0
35.0 38.0 32.0 34.0
35.0 37.0 33.0 35.0
35.0 37.0 32.0 35.0
35.0 37.0 32.0 33.0
35.0 37.0 32.0 33.0
35.0 38.0 32.0 34.0
34.0 37.0 32.0 35.0
35.0 37.0 32.0 33.0
34.0 37.0 32.0 34.0
35.0 37.0 32.0 33.0
33.0 37.0 32.0 34.0
35.0 37.0 32.0 33.0
34.0 37.0 33.0 34.0
35.0 37.0 33.0 34.0
35.0 37.0 32.0 34.0
35.0 38.0 33.0 33.0
34.0 37.0 32.0 34.0
34.0 36.0 32.0 33.0
35.0 37.0 33.0 34.0
35.0 37.0 32.0 35.0
35.0 37.0 32.0 34.0
35.0 37.0 32.0 35.0
35.0 38.0 33.0 34.0
35.0 37.0 33.0 34.0
34.0 37.0 32.0 35.0
35.0 37.0 32.0 34.0
35.0 37.0 33.0 35.0
34.0 37.0 33.0 33.0
34.0 37.0 32.0 35.0
35.0 38.0 33.0 35.0
34.0 38.0 32.0 35.0
35.0 37.0 33.0 34.0
35.0 37.0 33.0 35.0
34.0 37.0 32.0 35.0
35.0 38.0 32.0 35.0
35.0 37.0 32.0 34.0
35.0 37.0 32.0 34.0
35.0 37.0 32.0 34.0
35.0 37.0 32.0 34.0
35.0 37.0 32.0 35.0
35.0 37.0 32.0 34.0
35.0 37.0 33.0 34.0
35.0 37.0 33.0 35.0
34.0 37.0 33.0 34.0
35.0 37.0 33.0 34.0
35.0 37.0 33.0 35.0
34.0 37.0 32.0 35.0
35.0 37.0 33.0 34.0
35.0 38.0 32.0 34.0
34.0 37.0 32.0 34.0
35.0 38.0 32.0 34.0
35.0 37.0 32.0 34.0
35.0 37.0 32.0 33.0
35.0 37.0 32.0 34.0
35.0 37.0 32.0 33.0
35.0 38.0 32.0 34.0
35.0 38.0 32.0 34.0
35.0 37.0 33.0 35.0
36.0 43.0 34.0 36.0
35.0 38.0 33.0 35.0
35.0 38.0 33.0 33.0
35.0 38.0 32.0 35.0
35.0 38.0 33.0 34.0
35.0 38.0 33.0 34.0
35.0 37.0 32.0 35.0
34.0 37.0 33.0 34.0
35.0 38.0 32.0 34.0
35.0 38.0 32.0 34.0
35.0 37.0 33.0 34.0
34.0 38.0 32.0 34.0
35.0 38.0 33.0 34.0
35.0 38.0 32.0 33.0
34.0 38.0 33.0 34.0
34.0 38.0 33.0 33.0
35.0 38.0 32.0 34.0
34.0 38.0 33.0 33.0
34.0 38.0 33.0 34.0
35.0 37.0 33.0 34.0
35.0 37.0 32.0 34.0
35.0 37.0 32.0 34.0
35.0 38.0 33.0 34.0
34.0 38.0 32.0 34.0
35.0 38.0 33.0 34.0
35.0 37.0 33.0 33.0
35.0 38.0 33.0 34.0
35.0 38.0 32.0 34.0
34.0 38.0 33.0 34.0
35.0 37.0 33.0 33.0
35.0 38.0 33.0 34.0
35.0 37.0 33.0 34.0
35.0 37.0 33.0 33.0
34.0 38.0 33.0 34.0
34.0 37.0 33.0 34.0
35.0 38.0 32.0 34.0
35.0 37.0 33.0 35.0
35.0 38.0 33.0 34.0
35.0 37.0 33.0 33.0
35.0 37.0 32.0 33.0
35.0 37.0 33.0 34.0
34.0 37.0 33.0 33.0
34.0 37.0 32.0 33.0
35.0 37.0 32.0 34.0
34.0 37.0 33.0 35.0
34.0 38.0 33.0 33.0
34.0 38.0 32.0 33.0
34.0 37.0 33.0 34.0
35.0 38.0 32.0 34.0
35.0 37.0 32.0 33.0
35.0 38.0 32.0 34.0
35.0 38.0 32.0 35.0
35.0 37.0 33.0 34.0
35.0 38.0 32.0 34.0
34.0 37.0 33.0 34.0
35.0 38.0 32.0 33.0
35.0 38.0 33.0 35.0
35.0 38.0 32.0 34.0
35.0 37.0 32.0 33.0
35.0 38.0 32.0 35.0
34.0 37.0 32.0 34.0
35.0 37.0 33.0 33.0
34.0 38.0 32.0 34.0
35.0 38.0 32.0 34.0
35.0 38.0 33.0 33.0
35.0 38.0 33.0 34.0
35.0 38.0 33.0 33.0
35.0 37.0 33.0 34.0
35.0 38.0 33.0 33.0
34.0 38.0 33.0 33.0
35.0 38.0 33.0 33.0
35.0 37.0 33.0 34.0
34.0 38.0 33.0 33.0
34.0 37.0 32.0 34.0
35.0 37.0 32.0 34.0
35.0 38.0 33.0 33.0
34.0 37.0 33.0 34.0
35.0 40.0 33.0 35.0
35.0 37.0 32.0 34.0
34.0 38.0 33.0 35.0
35.0 38.0 33.0 34.0
35.0 37.0 32.0 33.0
34.0 37.0 33.0 33.0
34.0 38.0 33.0 33.0
34.0 37.0 32.0 34.0
35.0 38.0 33.0 33.0
35.0 38.0 32.0 33.0
35.0 37.0 33.0 34.0
35.0 37.0 32.0 33.0
35.0 38.0 32.0 34.0
34.0 37.0 32.0 33.0
35.0 37.0 33.0 34.0
34.0 38.0 33.0 33.0
35.0 38.0 32.0 33.0
35.0 37.0 33.0 33.0
35.0 37.0 33.0 35.0
35.0 37.0 33.0 34.0
34.0 37.0 33.0 34.0
35.0 37.0 32.0 33.0
35.0 38.0 33.0 34.0
35.0 38.0 33.0 34.0
34.0 38.0 32.0 34.0
35.0 38.0 32.0 33.0
35.0 38.0 32.0 33.0
34.0 38.0 32.0 34.0
35.0 38.0 33.0 34.0
35.0 38.0 33.0 35.0
35.0 38.0 33.0 34.0
35.0 38.0 33.0 35.0
35.0 38.0 32.0 34.0
35.0 38.0 33.0 33.0
35.0 38.0 32.0 34.0
35.0 38.0 33.0 34.0
35.0 37.0 33.0 33.0
35.0 37.0 33.0 34.0
35.0 38.0 33.0 33.0
35.0 38.0 33.0 34.0
35.0 38.0 33.0 34.0
35.0 38.0 32.0 34.0
34.0 38.0 33.0 34.0
34.0 37.0 32.0 35.0
34.0 37.0 33.0 34.0
35.0 38.0 32.0 34.0
34.0 37.0 32.0 34.0
35.0 37.0 33.0 35.0
35.0 37.0 33.0 34.0
35.0 38.0 33.0 34.0
35.0 37.0 32.0 35.0
35.0 37.0 33.0 34.0
35.0 38.0 32.0 34.0
35.0 37.0 33.0 33.0
35.0 37.0 32.0 34.0
35.0 38.0 32.0 34.0
35.0 38.0 32.0 34.0
34.0 38.0 32.0 34.0
35.0 38.0 32.0 33.0
35.0 38.0 32.0 33.0
35.0 38.0 32.0 33.0
34.0 38.0 33.0 34.0
35.0 37.0 33.0 33.0
35.0 38.0 33.0 35.0
35.0 38.0 33.0 34.0
35.0 37.0 33.0 34.0
35.0 38.0 32.0 33.0
34.0 37.0 33.0 34.0
34.0 38.0 33.0 33.0
35.0 38.0 32.0 35.0
35.0 38.0 32.0 35.0
35.0 37.0 32.0 35.0
34.0 38.0 33.0 34.0
35.0 38.0 32.0 34.0
35.0 37.0 33.0 33.0
35.0 38.0 33.0 34.0
35.0 37.0 33.0 33.0
34.0 38.0 32.0 33.0
35.0 38.0 32.0 34.0
35.0 37.0 33.0 34.0
35.0 37.0 33.0 34.0
35.0 38.0 32.0 33.0
34.0 38.0 33.0 33.0
34.0 37.0 32.0 34.0
34.0 38.0 32.0 34.0
34.0 37.0 33.0 34.0
34.0 38.0 33.0 34.0
34.0 38.0 32.0 35.0
34.0 38.0 32.0 35.0
34.0 37.0 33.0 35.0
35.0 38.0 33.0 35.0
35.0 38.0 33.0 34.0
35.0 37.0 33.0 34.0
34.0 38.0 33.0 34.0
35.0 38.0 32.0 35.0
34.0 38.0 33.0 34.0
34.0 37.0 33.0 34.0
35.0 38.0 33.0 34.0
34.0 38.0 32.0 34.0
35.0 37.0 32.0 34.0
35.0 37.0 33.0 34.0
35.0 37.0 32.0 34.0
35.0 37.0 32.0 34.0
34.0 38.0 32.0 34.0
35.0 37.0 33.0 34.0
35.0 38.0 32.0 34.0
35.0 37.0 33.0 34.0
35.0 38.0 32.0 34.0
34.0 37.0 32.0 34.0
34.0 38.0 32.0 34.0
34.0 38.0 32.0 34.0
35.0 38.0 33.0 34.0
35.0 38.0 33.0 34.0
35.0 37.0 33.0 34.0
34.0 37.0 32.0 34.0
35.0 38.0 33.0 34.0
35.0 38.0 32.0 34.0
35.0 38.0 33.0 35.0
35.0 38.0 32.0 34.0
34.0 33.0 32.0 33.0
34.0 33.0 32.0 33.0
35.0 32.0 33.0 34.0
34.0 33.0 32.0 33.0
34.0 32.0 32.0 32.0
34.0 33.0 31.0 33.0
34.0 32.0 31.0 33.0
34.0 31.0 32.0 33.0
34.0 32.0 32.0 32.0
33.0 31.0 31.0 33.0
33.0 32.0 31.0 32.0
34.0 32.0 32.0 32.0
33.0 32.0 32.0 32.0
34.0 32.0 32.0 33.0
33.0 32.0 31.0 33.0
34.0 32.0 32.0 32.0
33.0 32.0 32.0 32.0
34.0 33.0 32.0 32.0
33.0 33.0 32.0 33.0
33.0 31.0 31.0 33.0
33.0 32.0 31.0 32.0
33.0 31.0 32.0 33.0
33.0 32.0 30.0 33.0
33.0 32.0 32.0 31.0
