40.0 38.0 38.0 39.0
40.0 41.0 38.0 37.0
39.0 41.0 36.0 39.0
40.0 38.0 38.0 40.0
39.0 38.0 38.0 39.0
39.0 40.0 36.0 39.0
39.0 43.0 36.0 40.0
41.0 39.0 56.0 42.0
42.0 42.0 57.0 42.0
43.0 44.0 59.0 45.0
43.0 60.0 41.0 43.0
41.0 61.0 40.0 44.0
42.0 61.0 42.0 43.0
47.0 60.0 43.0 46.0
43.0 61.0 41.0 44.0
43.0 61.0 42.0 45.0
42.0 60.0 41.0 43.0
42.0 61.0 42.0 44.0
43.0 61.0 42.0 44.0
44.0 61.0 42.0 45.0
43.0 61.0 42.0 44.0
45.0 61.0 43.0 46.0
44.0 62.0 42.0 45.0
43.0 62.0 43.0 45.0
43.0 63.0 42.0 47.0
47.0 62.0 42.0 44.0
44.0 62.0 42.0 45.0
44.0 62.0 43.0 45.0
44.0 63.0 43.0 45.0
46.0 61.0 43.0 47.0
44.0 63.0 43.0 45.0
46.0 62.0 43.0 46.0
45.0 63.0 43.0 46.0
48.0 62.0 43.0 48.0
47.0 62.0 46.0 46.0
45.0 64.0 44.0 48.0
45.0 63.0 44.0 46.0
47.0 63.0 43.0 47.0
45.0 63.0 44.0 47.0
45.0 62.0 43.0 48.0
45.0 64.0 44.0 46.0
46.0 63.0 44.0 47.0
45.0 62.0 44.0 47.0
45.0 64.0 44.0 46.0
44.0 64.0 44.0 46.0
45.0 65.0 44.0 48.0
47.0 64.0 44.0 47.0
48.0 62.0 44.0 49.0
45.0 64.0 44.0 48.0
46.0 64.0 45.0 46.0
45.0 64.0 45.0 47.0
46.0 64.0 44.0 46.0
46.0 63.0 46.0 47.0
48.0 65.0 45.0 47.0
46.0 64.0 45.0 47.0
48.0 64.0 45.0 46.0
47.0 64.0 45.0 47.0
47.0 65.0 45.0 47.0
46.0 66.0 45.0 47.0
46.0 65.0 45.0 47.0
46.0 65.0 45.0 47.0
46.0 65.0 45.0 49.0
46.0 65.0 45.0 46.0
47.0 66.0 46.0 48.0
46.0 65.0 45.0 46.0
47.0 65.0 46.0 48.0
46.0 65.0 45.0 47.0
48.0 65.0 46.0 48.0
47.0 65.0 46.0 48.0
49.0 63.0 46.0 49.0
47.0 65.0 46.0 47.0
47.0 65.0 46.0 47.0
46.0 66.0 46.0 47.0
47.0 64.0 45.0 48.0
47.0 66.0 46.0 47.0
47.0 66.0 46.0 47.0
47.0 65.0 45.0 47.0
47.0 65.0 46.0 48.0
50.0 65.0 45.0 49.0
46.0 66.0 45.0 48.0
47.0 65.0 46.0 48.0
51.0 66.0 46.0 48.0
49.0 63.0 46.0 50.0
49.0 66.0 46.0 48.0
47.0 65.0 46.0 47.0
47.0 65.0 46.0 49.0
47.0 65.0 46.0 49.0
47.0 65.0 45.0 48.0
47.0 66.0 46.0 49.0
48.0 64.0 46.0 49.0
47.0 66.0 45.0 49.0
47.0 66.0 45.0 48.0
47.0 65.0 46.0 48.0
48.0 65.0 46.0 48.0
47.0 66.0 46.0 47.0
47.0 63.0 47.0 49.0
47.0 66.0 46.0 48.0
64.0 65.0 46.0 50.0
50.0 67.0 47.0 49.0
48.0 66.0 47.0 50.0
47.0 66.0 47.0 50.0
48.0 66.0 46.0 49.0
47.0 65.0 47.0 49.0
47.0 66.0 46.0 48.0
50.0 64.0 47.0 48.0
49.0 66.0 46.0 48.0
47.0 66.0 46.0 48.0
47.0 66.0 46.0 48.0
47.0 65.0 46.0 49.0
47.0 66.0 46.0 48.0
47.0 66.0 46.0 49.0
47.0 66.0 46.0 48.0
47.0 65.0 47.0 49.0
48.0 66.0 46.0 48.0
47.0 67.0 46.0 48.0
47.0 66.0 46.0 48.0
47.0 66.0 46.0 48.0
48.0 66.0 46.0 48.0
48.0 65.0 46.0 49.0
47.0 66.0 46.0 48.0
47.0 65.0 46.0 49.0
48.0 66.0 46.0 49.0
47.0 66.0 46.0 48.0
47.0 66.0 46.0 50.0
47.0 66.0 46.0 49.0
48.0 67.0 47.0 48.0
47.0 66.0 46.0 48.0
47.0 66.0 47.0 48.0
47.0 66.0 46.0 49.0
48.0 66.0 46.0 50.0
47.0 66.0 46.0 48.0
47.0 66.0 46.0 48.0
47.0 65.0 46.0 48.0
47.0 66.0 46.0 49.0
47.0 66.0 46.0 49.0
47.0 66.0 46.0 50.0
47.0 65.0 46.0 48.0
47.0 66.0 46.0 48.0
49.0 64.0 46.0 49.0
47.0 67.0 46.0 48.0
47.0 66.0 46.0 48.0
47.0 66.0 46.0 49.0
47.0 66.0 46.0 48.0
48.0 66.0 47.0 49.0
47.0 66.0 46.0 48.0
47.0 65.0 46.0 48.0
47.0 66.0 46.0 46.0
47.0 65.0 46.0 50.0
48.0 66.0 46.0 48.0
49.0 63.0 46.0 51.0
47.0 65.0 45.0 47.0
47.0 66.0 46.0 53.0
47.0 65.0 45.0 49.0
47.0 66.0 46.0 49.0
47.0 66.0 45.0 48.0
48.0 67.0 46.0 49.0
47.0 66.0 46.0 50.0
47.0 66.0 45.0 50.0
48.0 66.0 46.0 48.0
47.0 66.0 46.0 48.0
48.0 66.0 46.0 49.0
47.0 66.0 46.0 50.0
48.0 66.0 46.0 48.0
47.0 66.0 46.0 48.0
48.0 65.0 47.0 48.0
47.0 65.0 46.0 48.0
48.0 66.0 46.0 49.0
47.0 67.0 46.0 48.0
48.0 63.0 47.0 50.0
47.0 66.0 46.0 48.0
47.0 67.0 46.0 49.0
47.0 67.0 46.0 48.0
47.0 66.0 46.0 49.0
47.0 66.0 46.0 48.0
48.0 67.0 46.0 47.0
47.0 66.0 46.0 50.0
48.0 66.0 46.0 49.0
47.0 66.0 46.0 48.0
47.0 66.0 46.0 48.0
47.0 65.0 46.0 50.0
47.0 65.0 46.0 48.0
47.0 66.0 46.0 47.0
48.0 66.0 46.0 48.0
47.0 66.0 46.0 48.0
47.0 66.0 46.0 48.0
48.0 65.0 46.0 49.0
48.0 66.0 46.0 50.0
48.0 66.0 46.0 49.0
47.0 65.0 46.0 49.0
48.0 65.0 47.0 47.0
48.0 66.0 46.0 48.0
50.0 64.0 46.0 53.0
47.0 66.0 46.0 49.0
47.0 65.0 46.0 51.0
47.0 65.0 46.0 48.0
47.0 66.0 46.0 49.0
47.0 66.0 46.0 49.0
48.0 65.0 47.0 51.0
47.0 66.0 46.0 47.0
47.0 66.0 46.0 48.0
47.0 66.0 47.0 48.0
47.0 66.0 46.0 48.0
50.0 64.0 46.0 52.0
47.0 66.0 46.0 48.0
47.0 64.0 46.0 49.0
47.0 66.0 46.0 49.0
47.0 66.0 45.0 49.0
47.0 66.0 46.0 48.0
49.0 66.0 46.0 49.0
48.0 66.0 46.0 48.0
48.0 65.0 46.0 49.0
47.0 66.0 46.0 48.0
48.0 66.0 46.0 50.0
47.0 66.0 46.0 48.0
47.0 66.0 46.0 47.0
48.0 66.0 46.0 48.0
47.0 65.0 46.0 52.0
47.0 66.0 46.0 49.0
47.0 65.0 46.0 49.0
47.0 67.0 46.0 48.0
47.0 67.0 46.0 48.0
47.0 66.0 46.0 49.0
47.0 66.0 46.0 48.0
51.0 65.0 46.0 49.0
47.0 66.0 46.0 50.0
47.0 66.0 46.0 48.0
47.0 66.0 46.0 48.0
48.0 66.0 46.0 49.0
48.0 66.0 47.0 48.0
47.0 66.0 46.0 48.0
48.0 66.0 46.0 48.0
47.0 66.0 46.0 48.0
47.0 47.0 43.0 46.0
45.0 43.0 44.0 42.0
45.0 44.0 43.0 48.0
44.0 42.0 42.0 42.0
44.0 43.0 41.0 46.0
45.0 42.0 42.0 43.0
43.0 43.0 41.0 44.0
43.0 42.0 41.0 43.0
43.0 42.0 40.0 42.0
43.0 44.0 44.0 45.0
43.0 42.0 40.0 43.0
42.0 41.0 41.0 42.0
43.0 41.0 41.0 43.0
43.0 42.0 40.0 41.0
44.0 42.0 41.0 41.0
