40.0 42.0 38.0 40.0
40.0 40.0 38.0 39.0
40.0 41.0 37.0 39.0
40.0 40.0 37.0 39.0
42.0 52.0 50.0 53.0
44.0 52.0 50.0 54.0
44.0 52.0 49.0 53.0
44.0 53.0 51.0 55.0
44.0 54.0 53.0 57.0
45.0 54.0 51.0 55.0
45.0 56.0 54.0 58.0
46.0 54.0 51.0 56.0
46.0 54.0 51.0 55.0
46.0 54.0 51.0 55.0
47.0 55.0 53.0 57.0
47.0 55.0 52.0 56.0
48.0 55.0 53.0 57.0
46.0 58.0 56.0 59.0
48.0 56.0 53.0 57.0
48.0 56.0 54.0 58.0
48.0 56.0 53.0 58.0
48.0 58.0 56.0 60.0
48.0 57.0 56.0 58.0
49.0 56.0 54.0 58.0
49.0 59.0 57.0 60.0
49.0 58.0 54.0 58.0
49.0 57.0 55.0 58.0
49.0 60.0 57.0 61.0
49.0 60.0 58.0 60.0
49.0 58.0 56.0 59.0
49.0 59.0 57.0 60.0
49.0 58.0 56.0 59.0
50.0 58.0 56.0 58.0
49.0 58.0 56.0 59.0
50.0 57.0 55.0 59.0
50.0 60.0 58.0 61.0
51.0 58.0 55.0 59.0
49.0 61.0 58.0 62.0
50.0 59.0 57.0 61.0
50.0 60.0 57.0 62.0
50.0 59.0 56.0 59.0
51.0 58.0 57.0 59.0
51.0 58.0 56.0 60.0
51.0 58.0 56.0 60.0
50.0 61.0 58.0 61.0
51.0 59.0 56.0 60.0
49.0 61.0 58.0 62.0
51.0 59.0 57.0 59.0
51.0 59.0 57.0 60.0
51.0 60.0 57.0 61.0
51.0 62.0 59.0 62.0
51.0 58.0 57.0 61.0
51.0 61.0 59.0 62.0
50.0 62.0 58.0 61.0
51.0 59.0 57.0 60.0
51.0 62.0 59.0 53.0
48.0 48.0 45.0 46.0
47.0 47.0 45.0 46.0
47.0 48.0 45.0 47.0
47.0 48.0 44.0 46.0
46.0 47.0 45.0 45.0
46.0 47.0 44.0 45.0
46.0 47.0 43.0 45.0
46.0 46.0 43.0 45.0
46.0 46.0 43.0 44.0
